0 1 2
1 1 1
2 1 1
3 0 2
4 1 1
5 1 1
6 0 2
7 0 1
8 1 2
9 1 1
10 1 2
11 0 0
12 1 0
13 1 2
14 0 1
15 1 0
16 1 1
17 1 1
18 0 1
19 1 2
20 0 2
21 1 2
22 1 2
23 0 0
24 1 2
25 1 1
26 0 1
27 0 0
28 1 0
29 1 2
30 1 1
31 1 2
32 0 2
33 1 0
34 1 1
35 1 0
36 0 1
37 1 0
38 1 1
39 1 2
40 1 2
41 1 0
42 1 1
43 0 2
44 1 2
45 1 1
46 0 2
47 1 0
48 1 2
49 0 2
50 1 0
51 0 1
52 1 0
53 0 2
54 1 0
55 1 2
56 1 0
57 0 2
58 1 2
59 0 1
60 1 1
61 0 1
62 1 1
63 0 2
64 1 2
65 1 2
66 0 0
67 1 1
68 1 2
69 0 1
70 0 2
71 1 2
72 0 0
73 1 2
74 1 2
75 1 1
76 1 2
77 0 2
78 1 2
79 1 2
80 1 1
81 1 2
82 1 1
83 1 0
84 0 1
85 1 1
86 1 1
87 1 2
88 1 1
89 1 2
90 0 0
91 1 2
92 1 2
93 1 0
94 0 2
95 1 1
96 1 2
97 1 0
98 1 1
99 0 1
100 1 1
101 1 0
102 1 0
103 0 2
104 1 0
105 0 1
106 0 2
107 1 1
108 1 0
109 0 2
110 1 0
111 1 2
112 1 1
113 1 2
114 0 1
115 1 2
116 1 2
117 0 2
118 1 2
119 1 2
120 0 0
121 1 0
122 1 0
123 1 0
124 0 1
125 1 1
126 1 1
127 1 1
128 1 1
129 0 1
130 0 0
131 1 2
132 1 2
133 1 1
134 1 2
135 1 0
136 1 0
137 0 2
138 0 1
139 1 2
140 1 0
141 0 2
142 1 2
143 1 1
144 1 0
145 1 0
146 0 2
147 1 1
148 1 1
149 1 0
150 0 2
151 1 0
152 0 0
153 1 1
154 1 2
155 1 2
156 1 2
157 1 1
158 1 0
159 1 2
160 1 2
161 0 1
162 1 1
163 1 1
164 1 1
165 0 0
166 1 1
167 1 0
168 1 2
169 1 1
170 1 1
171 0 2
172 1 1
173 1 1
174 0 2
175 1 0
176 1 2
177 1 2
178 0 0
179 1 2
180 1 2
181 0 0
182 1 2
183 1 1
184 0 1
185 1 2
186 1 2
187 1 0
188 1 1
189 1 1
190 1 0
191 1 1
192 0 1
193 0 1
194 1 2
195 0 2
196 1 2
197 1 2
198 0 0
199 1 2
200 1 0
201 1 0
202 1 0
203 1 0
204 1 1
205 1 2
206 1 1
207 1 2
208 0 2
209 1 1
210 0 2
211 1 2
212 0 1
213 0 1
214 1 2
215 1 2
216 1 0
217 1 2
218 1 0
219 1 1
220 1 1
221 1 0
222 1 0
223 1 1
224 0 0
225 1 0
226 1 2
227 1 1
228 1 1
229 0 0
230 0 2
231 0 2
232 1 2
233 0 2
234 1 0
235 1 2
236 1 2
237 0 2
238 1 2
239 1 2
240 1 2
241 1 2
242 1 2
243 1 1
244 1 2
245 1 2
246 0 2
247 1 2
248 1 0
249 1 0
250 1 2
251 1 2
252 0 1
253 1 0
254 0 2
255 1 2
256 0 1
257 0 2
258 1 2
259 1 2
260 1 0
261 1 0
262 1 2
263 1 0
264 1 0
265 0 2
266 1 1
267 1 2
268 1 2
269 1 0
270 0 0
271 1 2
272 1 1
273 1 2
274 1 0
275 1 0
276 0 0
277 0 2
278 1 1
279 1 2
280 1 1
281 0 2
282 1 1
283 0 2
284 1 1
285 1 1
286 0 2
287 0 1
288 1 1
289 1 1
290 1 2
291 1 0
292 1 2
293 1 0
294 1 1
295 1 1
296 0 0
297 1 0
298 1 1
299 1 0
300 1 0
301 1 1
302 1 1
303 1 0
304 0 1
305 0 2
306 1 2
307 1 1
308 1 1
309 0 2
310 1 2
311 0 1
312 1 0
313 1 2
314 1 0
315 1 1
316 1 1
317 1 0
318 0 0
319 1 0
320 0 0
321 1 0
322 1 2
323 1 2
324 1 1
325 1 0
326 1 2
327 1 0
328 1 2
329 1 2
330 1 1
331 1 2
332 1 2
333 1 1
334 1 2
335 1 2
336 1 2
337 1 0
338 1 1
339 1 2
340 1 0
341 1 2
342 1 0
343 1 1
344 0 0
345 1 0
346 1 1
347 0 2
348 1 2
349 1 2
350 0 0
351 1 1
352 0 1
353 1 2
354 1 2
355 1 2
356 1 1
357 0 0
358 1 2
359 1 1
360 1 2
361 0 2
362 1 2
363 0 2
364 1 0
365 1 0
366 1 2
367 0 1
368 0 0
369 1 1
370 1 1
371 1 2
372 1 1
373 0 1
374 1 1
375 1 1
376 1 0
377 1 2
378 1 1
379 1 1
380 1 1
381 0 2
382 0 1
383 0 2
384 0 2
385 0 2
386 1 1
387 1 2
388 1 0
389 1 2
390 0 0
391 1 2
392 1 1
393 0 0
394 1 1
395 1 1
396 1 1
397 1 2
398 1 2
399 1 1
400 1 0
401 0 0
402 1 1
403 1 2
404 0 1
405 1 2
406 0 2
407 1 1
408 1 2
409 1 2
410 1 2
411 1 1
412 0 1
413 1 2
414 1 2
415 1 2
416 1 1
417 1 2
418 1 1
419 1 2
420 0 0
421 1 1
422 1 2
423 0 2
424 1 1
425 0 2
426 1 2
427 1 1
428 1 2
429 1 0
430 0 1
431 1 0
432 1 1
433 0 1
434 0 2
435 1 1
436 0 2
437 0 2
438 1 1
439 1 2
440 1 2
441 0 0
442 0 2
443 0 1
444 1 2
445 0 0
446 1 0
447 1 1
448 1 1
449 1 2
450 1 2
451 1 2
452 1 2
453 1 1
454 1 1
455 1 0
456 1 0
457 1 1
458 1 1
459 1 1
460 0 2
461 1 0
462 1 2
463 0 2
464 0 2
465 1 2
466 1 2
467 1 1
468 1 2
469 1 0
470 1 2
471 1 1
472 1 2
473 0 2
474 1 1
475 1 1
476 1 2
477 1 2
478 1 2
479 0 1
480 1 1
481 1 2
482 1 0
483 1 2
484 0 1
485 0 2
486 0 2
487 0 1
488 0 1
489 1 2
490 1 2
491 1 0
492 0 1
493 1 2
494 0 0
495 1 1
496 1 1
497 1 1
498 1 0
499 1 2
500 1 1
501 1 1
502 1 0
503 1 2
504 1 1
505 1 2
506 1 2
507 1 1
508 1 1
509 0 1
510 0 2
511 1 1
512 1 2
513 0 1
514 1 2
515 1 0
516 0 0
517 1 1
518 0 2
519 1 0
520 1 0
521 0 0
522 1 2
523 0 2
524 1 1
525 1 2
526 1 2
527 1 0
528 1 1
529 1 1
530 1 1
531 1 2
532 1 0
533 1 0
534 1 0
535 1 0
536 1 0
537 0 2
538 1 2
539 1 2
540 0 1
541 1 2
542 1 1
543 1 2
544 1 1
545 1 2
546 1 1
547 1 2
548 1 1
549 1 0
550 1 0
551 1 2
552 1 1
553 1 1
554 1 0
555 1 1
556 0 0
557 1 1
558 1 2
559 0 2
560 0 1
561 1 2
562 0 2
563 1 1
564 0 2
565 1 2
566 1 0
567 1 1
568 0 1
569 1 1
570 1 1
571 1 2
572 1 0
573 1 0
574 1 1
575 1 0
576 0 1
577 1 0
578 1 0
579 1 1
580 1 1
581 1 0
582 1 1
583 1 0
584 1 1
585 1 0
586 1 1
587 1 0
588 1 2
589 1 1
590 0 2
591 0 2
592 1 2
593 0 2
594 0 1
595 0 2
596 0 1
597 1 1
598 1 0
599 1 1
600 1 2
601 1 0
602 1 1
603 1 1
604 1 1
605 1 2
606 1 1
607 1 0
608 1 1
609 1 2
610 1 0
611 1 0
612 1 2
613 1 2
614 0 1
615 1 1
616 1 2
617 1 2
618 1 0
619 1 2
620 0 2
621 1 0
622 0 2
623 1 1
624 1 2
625 1 2
626 1 1
627 0 1
628 1 1
629 1 1
630 1 1
631 0 1
632 1 1
633 1 1
634 1 2
635 1 0
636 1 1
637 0 1
638 0 0
639 0 2
640 1 2
641 1 2
642 1 1
643 1 1
644 1 2
645 1 1
646 0 1
647 1 2
648 1 2
649 1 2
650 1 0
651 0 1
652 1 2
653 1 2
654 1 1
655 1 1
656 1 0
657 1 2
658 1 0
659 1 0
660 1 2
661 0 2
662 1 2
663 1 0
664 1 1
665 0 2
666 1 0
667 1 2
668 1 0
669 1 1
670 0 1
671 0 2
672 1 2
673 1 2
674 0 2
675 0 2
676 1 2
677 0 2
678 1 2
679 0 2
680 1 1
681 0 2
682 1 1
683 0 1
684 0 2
685 0 2
686 1 0
687 1 1
688 1 2
689 1 2
690 0 2
691 0 1
692 0 2
693 1 1
694 1 1
695 0 2
696 1 2
697 0 2
698 1 2
699 1 0
700 1 1
701 0 1
702 0 2
703 1 2
704 1 2
705 1 2
706 1 2
707 1 2
708 1 2
709 0 1
710 0 2
711 1 2
712 1 2
713 1 2
714 1 2
715 0 1
716 1 1
717 1 1
718 1 2
719 1 2
720 0 0
721 1 1
722 1 1
723 1 2
724 0 1
725 1 2
726 1 2
727 1 1
728 1 0
729 1 1
730 1 1
731 0 1
732 0 1
733 1 2
734 1 1
735 0 2
736 1 2
737 1 2
738 1 0
739 0 1
740 1 1
741 1 0
742 0 0
743 1 1
744 1 2
745 1 1
746 0 1
747 1 1
748 1 2
749 1 1
750 1 2
751 1 0
752 1 2
753 1 2
754 1 1
755 0 2
756 1 2
757 0 2
758 1 2
759 1 2
760 1 2
761 1 0
762 1 2
763 1 0
764 1 2
765 1 1
766 1 2
767 0 2
768 1 0
769 0 2
770 1 1
771 1 1
772 1 2
773 1 2
774 1 1
775 0 2
776 1 0
777 1 2
778 0 2
779 1 1
780 1 2
781 0 2
782 1 1
783 1 2
784 1 0
785 1 2
786 1 1
787 0 1
788 0 2
789 1 2
790 1 2
791 1 2
792 1 1
793 0 1
794 1 0
795 1 2
796 1 2
797 1 2
798 1 1
799 0 1
800 1 2
801 1 2
802 0 0
803 1 1
804 1 2
805 0 2
806 0 1
807 1 2
808 0 1
809 1 1
810 0 2
811 1 1
812 1 2
813 1 0
814 1 2
815 1 0
816 1 1
817 1 2
818 1 1
819 1 0
820 0 0
821 1 2
822 0 0
823 1 0
824 1 1
825 1 1
826 1 2
827 0 2
828 1 2
829 1 0
830 0 2
831 1 2
832 1 0
833 0 2
834 0 2
835 1 0
836 1 0
837 0 0
838 0 1
839 1 1
840 1 0
841 1 2
842 1 0
843 1 2
844 1 2
845 1 1
846 0 0
847 1 1
848 1 1
849 1 2
850 1 0
851 1 2
852 1 0
853 1 0
854 1 0
855 1 2
856 0 2
857 1 0
858 1 0
859 1 1
860 0 2
861 0 1
862 1 0
863 1 2
864 0 0
865 1 1
866 1 2
867 1 1
868 0 1
869 1 1
870 1 0
871 1 0
872 1 1
873 0 2
874 0 2
875 1 0
876 1 0
877 1 1
878 0 2
879 0 1
880 1 1
881 0 2
882 0 1
883 1 1
884 1 2
885 0 1
886 0 1
887 0 1
888 1 2
889 0 1
890 1 2
891 1 2
892 0 2
893 1 2
894 1 2
895 0 1
896 0 2
897 1 0
898 1 1
899 0 2
900 1 1
901 0 1
902 0 0
903 1 2
904 1 0
905 1 2
906 0 1
907 1 1
908 0 2
909 0 2
910 1 2
911 1 2
912 1 0
913 0 2
914 1 2
915 1 1
916 1 1
917 1 2
918 1 1
919 1 0
920 1 2
921 1 1
922 1 2
923 1 2
924 1 1
925 1 1
926 1 1
927 0 0
928 0 1
929 0 1
930 0 2
931 1 2
932 1 1
933 1 0
934 0 2
935 1 2
936 0 2
937 0 0
938 1 1
939 0 0
940 1 2
941 1 2
942 1 1
943 1 0
944 1 1
945 1 1
946 0 0
947 1 1
948 1 1
949 1 2
950 1 1
951 0 2
952 1 0
953 1 2
954 1 2
955 1 2
956 1 0
957 1 2
958 1 1
959 0 0
960 1 2
961 1 2
962 1 2
963 0 2
964 0 2
965 1 2
966 1 2
967 0 2
968 1 1
969 0 2
970 1 1
971 1 2
972 1 1
973 0 1
974 1 0
975 1 1
976 1 1
977 1 1
978 1 0
979 1 1
980 0 0
981 1 2
982 1 2
983 1 1
984 0 1
985 1 2
986 0 2
987 1 2
988 1 1
989 1 2
990 1 0
991 1 2
992 1 1
993 1 1
994 1 2
995 1 2
996 1 2
997 1 1
998 1 2
999 1 1
1000 1 0
1001 1 2
1002 1 2
1003 0 1
1004 0 1
1005 0 0
1006 0 2
1007 1 2
1008 0 1
1009 0 2
1010 0 0
1011 1 2
1012 1 2
1013 1 2
1014 1 1
1015 0 1
1016 1 2
1017 0 2
1018 1 1
1019 0 1
1020 1 1
1021 1 2
1022 0 1
1023 1 2
1024 0 2
1025 0 2
1026 1 2
1027 0 2
1028 0 2
1029 1 0
1030 0 1
1031 0 1
1032 0 2
1033 1 2
1034 1 1
1035 1 2
1036 1 2
1037 1 2
1038 1 0
1039 1 1
1040 0 1
1041 1 2
1042 1 0
1043 1 1
1044 0 0
1045 1 0
1046 0 1
1047 1 2
1048 0 2
1049 1 1
1050 1 0
1051 1 2
1052 1 2
1053 1 0
1054 1 0
1055 1 2
1056 1 0
1057 0 1
1058 1 0
1059 1 2
1060 1 1
1061 1 2
1062 1 0
1063 1 1
1064 0 2
1065 1 0
1066 1 2
1067 0 0
1068 0 2
1069 1 2
1070 1 0
1071 1 2
1072 1 2
1073 1 0
1074 1 1
1075 1 2
1076 1 0
1077 0 1
1078 1 2
1079 1 0
1080 1 2
1081 0 2
1082 1 1
1083 0 2
1084 1 2
1085 1 2
1086 1 2
1087 1 0
1088 1 1
1089 1 0
1090 1 1
1091 1 1
1092 1 1
1093 0 1
1094 0 0
1095 1 1
1096 1 2
1097 1 1
1098 1 0
1099 1 1
1100 0 1
1101 1 1
1102 0 2
1103 1 2
1104 1 0
1105 1 1
1106 1 1
1107 1 0
1108 1 1
1109 1 2
1110 1 0
1111 1 1
1112 1 1
1113 1 0
1114 1 1
1115 1 0
1116 1 2
1117 1 1
1118 1 2
1119 0 1
1120 1 2
1121 0 2
1122 1 0
1123 0 1
1124 1 0
1125 1 0
1126 0 1
1127 1 2
1128 1 1
1129 1 0
1130 0 1
1131 1 0
1132 1 1
1133 1 0
1134 1 1
1135 1 2
1136 1 0
1137 1 2
1138 0 2
1139 1 1
1140 1 2
1141 1 0
1142 1 1
1143 1 1
1144 1 1
1145 1 1
1146 1 2
1147 1 2
1148 1 1
1149 1 2
1150 0 1
1151 0 0
1152 1 0
1153 0 0
1154 1 2
1155 0 1
1156 0 0
1157 1 2
1158 1 2
1159 1 1
1160 0 2
1161 1 0
1162 1 1
1163 1 1
1164 0 2
1165 1 2
1166 1 1
1167 0 0
1168 1 2
1169 1 1
1170 1 2
1171 1 2
1172 0 1
1173 1 1
1174 1 2
1175 1 2
1176 1 1
1177 0 2
1178 1 2
1179 1 1
1180 1 2
1181 1 1
1182 1 2
1183 1 1
1184 0 1
1185 0 1
1186 0 0
1187 0 2
1188 1 2
1189 1 1
1190 0 2
1191 1 1
1192 1 1
1193 1 0
1194 1 2
1195 1 1
1196 1 1
1197 1 2
1198 1 2
1199 1 2
1200 1 1
1201 1 2
1202 1 0
1203 1 0
1204 1 0
1205 1 2
1206 0 2
1207 1 1
1208 0 2
1209 1 1
1210 0 1
1211 1 2
1212 0 0
1213 1 1
1214 1 2
1215 1 1
1216 1 2
1217 1 2
1218 1 0
1219 0 0
1220 1 1
1221 1 0
1222 1 2
1223 1 0
1224 1 1
1225 1 1
1226 0 2
1227 1 0
1228 0 2
1229 0 2
1230 0 0
1231 0 1
1232 1 2
1233 1 2
1234 1 1
1235 1 2
1236 0 2
1237 1 2
1238 1 1
1239 0 1
1240 1 0
1241 1 0
1242 0 0
1243 1 1
1244 1 1
1245 1 0
1246 0 1
1247 1 0
1248 1 2
1249 1 1
1250 0 0
1251 1 2
1252 1 2
1253 0 1
1254 1 2
1255 1 1
1256 1 1
1257 1 1
1258 1 2
1259 0 0
1260 1 2
1261 0 1
1262 1 1
1263 0 1
1264 0 0
1265 1 1
1266 1 2
1267 1 1
1268 1 0
1269 0 0
1270 1 1
1271 1 1
1272 1 1
1273 1 1
1274 0 2
1275 1 0
1276 1 0
1277 1 2
1278 1 2
1279 1 0
1280 1 1
1281 1 2
1282 1 0
1283 1 1
1284 0 0
1285 1 0
1286 1 2
1287 1 0
1288 1 2
1289 1 2
1290 1 2
1291 1 2
1292 1 2
1293 1 2
1294 1 1
1295 1 2
1296 1 2
1297 1 2
1298 1 1
1299 1 1
1300 1 2
1301 1 1
1302 1 2
1303 1 1
1304 1 2
1305 0 0
1306 0 1
1307 1 1
1308 0 1
1309 1 1
1310 0 1
1311 1 2
1312 1 1
1313 1 0
1314 1 0
1315 1 1
1316 1 2
1317 1 1
1318 1 2
1319 1 2
1320 1 0
1321 1 1
1322 1 1
1323 1 1
1324 1 1
1325 1 0
1326 1 0
1327 1 2
1328 0 2
1329 1 2
1330 1 0
1331 1 2
1332 1 1
1333 1 0
1334 1 1
1335 1 1
1336 1 2
1337 1 2
1338 1 2
1339 1 2
1340 1 0
1341 1 0
1342 1 1
1343 1 1
1344 1 0
1345 1 0
1346 1 0
1347 0 1
1348 0 1
1349 1 2
1350 0 2
1351 1 2
1352 0 2
1353 1 1
1354 1 1
1355 0 1
1356 0 0
1357 1 1
1358 1 2
1359 0 1
1360 1 0
1361 1 0
1362 1 0
1363 0 0
1364 1 0
1365 1 2
1366 1 1
1367 1 1
1368 1 1
1369 1 2
1370 1 0
1371 1 0
1372 1 0
1373 1 1
1374 1 1
1375 1 2
1376 1 0
1377 1 0
1378 1 1
1379 1 1
1380 1 2
1381 1 1
1382 1 0
1383 1 2
1384 0 0
1385 1 2
1386 1 2
1387 1 0
1388 0 0
1389 1 1
1390 1 2
1391 1 2
1392 1 2
1393 1 2
1394 0 2
1395 1 2
1396 1 2
1397 1 2
1398 0 2
1399 1 1
1400 1 2
1401 1 2
1402 1 2
1403 0 2
1404 1 2
1405 1 2
1406 1 2
1407 1 0
1408 1 2
1409 1 2
1410 0 2
1411 1 2
1412 1 2
1413 0 2
1414 0 2
1415 1 2
1416 1 2
1417 1 1
1418 1 2
1419 1 0
1420 0 2
1421 1 2
1422 1 0
1423 1 1
1424 1 2
1425 1 0
1426 0 2
1427 1 2
1428 0 1
1429 1 2
1430 0 2
1431 1 2
1432 1 1
1433 1 1
1434 1 1
1435 1 1
1436 1 1
1437 0 1
1438 0 2
1439 1 1
1440 1 2
1441 1 2
1442 1 0
1443 0 0
1444 1 1
1445 1 1
1446 1 1
1447 1 0
1448 1 1
1449 0 0
1450 1 2
1451 0 1
1452 1 1
1453 1 2
1454 0 0
1455 0 1
1456 0 2
1457 1 2
1458 0 2
1459 0 0
1460 0 2
1461 1 2
1462 1 1
1463 1 1
1464 0 1
1465 1 2
1466 0 1
1467 1 2
1468 1 2
1469 1 0
1470 1 2
1471 1 2
1472 1 2
1473 1 2
1474 1 2
1475 1 1
1476 1 0
1477 1 2
1478 1 1
1479 0 1
1480 1 0
1481 1 1
1482 1 2
1483 1 1
1484 0 2
1485 0 2
1486 1 0
1487 1 2
1488 0 2
1489 1 2
1490 1 0
1491 1 2
1492 1 2
1493 1 1
1494 0 2
1495 1 0
1496 0 2
1497 1 1
1498 1 2
1499 1 0
1500 1 0
1501 0 2
1502 1 1
1503 1 2
1504 1 1
1505 1 1
1506 1 1
1507 1 0
1508 1 2
1509 1 2
1510 0 1
1511 0 1
1512 1 1
1513 1 2
1514 1 2
1515 0 2
1516 0 0
1517 0 1
1518 0 2
1519 1 2
1520 0 1
1521 1 1
1522 1 2
1523 0 2
1524 1 2
1525 1 1
1526 1 2
1527 1 1
1528 1 2
1529 0 2
1530 1 2
1531 1 0
1532 1 1
1533 1 2
1534 1 1
1535 0 1
1536 1 2
1537 0 2
1538 1 2
1539 0 2
1540 1 2
1541 0 2
1542 0 0
1543 0 1
1544 1 0
1545 1 0
1546 1 0
1547 1 0
1548 1 0
1549 1 0
1550 1 0
1551 1 1
1552 1 2
1553 1 2
1554 1 2
1555 0 2
1556 1 2
1557 1 0
1558 1 2
1559 1 2
1560 0 1
1561 1 0
1562 1 2
1563 0 0
1564 0 1
1565 1 1
1566 1 1
1567 1 2
1568 1 2
1569 1 1
1570 0 0
1571 1 1
1572 1 2
1573 0 2
1574 1 0
1575 1 2
1576 1 0
1577 1 1
1578 1 2
1579 1 2
1580 1 2
1581 1 1
1582 1 2
1583 1 2
1584 1 0
1585 1 1
1586 1 2
1587 1 1
1588 1 2
1589 1 0
1590 1 2
1591 0 0
1592 0 2
1593 1 2
1594 0 2
1595 1 0
1596 1 0
1597 1 0
1598 1 0
1599 0 0
1600 0 0
1601 1 1
1602 1 0
1603 1 1
1604 1 0
1605 0 0
1606 1 1
1607 0 2
1608 0 2
1609 1 0
1610 1 2
1611 1 1
1612 0 1
1613 0 2
1614 1 2
1615 1 0
1616 1 2
1617 1 2
1618 1 1
1619 0 2
1620 1 2
1621 0 1
1622 1 1
1623 1 1
1624 1 2
1625 1 0
1626 1 2
1627 0 0
1628 0 1
1629 1 0
1630 0 1
1631 1 1
1632 0 1
1633 0 2
1634 1 2
1635 1 2
1636 1 2
1637 0 1
1638 1 2
1639 1 1
1640 1 2
1641 1 0
1642 0 1
1643 0 1
1644 0 1
1645 1 1
1646 1 2
1647 0 2
1648 1 1
1649 1 1
1650 0 1
1651 1 2
1652 1 1
1653 1 2
1654 0 2
1655 1 2
1656 1 1
1657 0 2
1658 0 2
1659 0 1
1660 1 0
1661 1 2
1662 1 2
1663 1 0
1664 1 2
1665 1 1
1666 1 2
1667 0 2
1668 1 1
1669 1 0
1670 1 2
1671 1 2
1672 0 2
1673 0 2
1674 0 0
1675 0 2
1676 1 1
1677 1 2
1678 1 1
1679 0 2
1680 1 2
1681 0 2
1682 0 2
1683 1 0
1684 1 2
1685 1 1
1686 1 1
1687 1 2
1688 1 2
1689 1 2
1690 1 2
1691 1 2
1692 1 2
1693 1 2
1694 1 1
1695 1 2
1696 0 2
1697 1 1
1698 0 2
1699 1 2
1700 1 2
1701 1 2
1702 0 0
1703 0 1
1704 1 2
1705 1 2
1706 1 2
1707 1 2
1708 0 0
1709 1 1
1710 0 2
1711 1 2
1712 0 2
1713 0 1
1714 1 2
1715 0 2
1716 1 2
1717 1 2
1718 0 2
1719 1 1
1720 0 2
1721 1 2
1722 1 2
1723 1 0
1724 1 2
1725 1 2
1726 1 2
1727 1 2
1728 0 2
1729 1 2
1730 1 2
1731 1 2
1732 1 2
1733 1 2
1734 1 2
1735 0 2
1736 1 1
1737 1 2
1738 1 2
1739 1 1
1740 1 0
1741 0 1
1742 1 2
1743 0 2
1744 1 2
1745 0 2
1746 1 2
1747 1 2
1748 1 2
1749 1 2
1750 0 1
1751 0 2
1752 1 2
1753 0 2
1754 0 2
1755 1 1
1756 1 1
1757 1 1
1758 1 1
1759 1 2
1760 0 1
1761 0 1
1762 1 1
1763 1 1
1764 0 1
1765 1 2
1766 0 2
1767 1 2
1768 1 2
1769 1 2
1770 0 0
1771 0 2
1772 1 1
1773 1 1
1774 1 2
1775 1 0
1776 1 0
1777 1 2
1778 0 2
1779 1 2
1780 0 2
1781 0 2
1782 1 2
1783 0 2
1784 1 1
1785 1 2
1786 1 1
1787 1 2
1788 0 2
1789 1 1
1790 0 2
1791 0 1
1792 1 2
1793 1 1
1794 1 1
1795 1 1
1796 1 1
1797 1 1
1798 1 1
1799 1 2
1800 1 2
1801 0 2
1802 1 1
1803 1 0
1804 1 1
1805 1 2
1806 1 2
1807 1 1
1808 1 0
1809 1 2
1810 1 1
1811 1 1
1812 1 1
1813 1 2
1814 0 2
1815 1 0
1816 1 2
1817 1 1
1818 1 2
1819 1 1
1820 1 2
1821 1 1
1822 1 2
1823 1 1
1824 1 2
1825 1 2
1826 1 2
1827 0 1
1828 0 0
1829 1 2
1830 1 2
1831 1 2
1832 1 2
1833 1 0
1834 0 2
1835 1 2
1836 0 2
1837 1 2
1838 1 2
1839 0 2
1840 1 2
1841 1 2
1842 1 2
1843 1 1
1844 1 2
1845 1 1
1846 0 1
1847 1 1
1848 0 2
1849 1 1
1850 1 2
1851 1 2
1852 1 2
1853 0 2
1854 0 2
1855 0 2
1856 1 2
1857 1 0
1858 1 1
1859 0 2
1860 1 2
1861 1 2
1862 0 2
1863 0 1
1864 0 2
1865 1 2
1866 1 2
1867 0 2
1868 0 2
1869 1 2
1870 1 2
1871 0 2
1872 0 2
1873 0 2
1874 1 2
1875 1 1
1876 0 1
1877 1 2
1878 0 0
1879 1 0
1880 1 1
1881 1 0
1882 0 2
1883 1 2
1884 1 2
1885 1 1
1886 1 2
1887 0 2
1888 1 2
1889 1 2
1890 1 2
1891 1 2
1892 1 2
1893 1 0
1894 1 2
1895 1 2
1896 0 2
1897 1 1
1898 0 1
1899 1 2
1900 1 2
1901 1 1
1902 1 1
1903 1 0
1904 1 0
1905 1 2
1906 1 2
1907 1 2
1908 1 0
1909 1 2
1910 0 2
1911 1 1
1912 1 1
1913 1 1
1914 1 1
1915 1 1
1916 1 2
1917 1 2
1918 0 2
1919 0 1
1920 0 2
1921 1 2
1922 1 1
1923 1 1
1924 1 2
1925 0 2
1926 1 2
1927 1 0
1928 1 0
1929 0 2
1930 1 2
1931 0 2
1932 1 2
1933 1 1
1934 0 1
1935 1 1
1936 0 0
1937 0 2
1938 1 2
1939 1 2
1940 1 0
1941 0 2
1942 1 1
1943 1 1
1944 1 1
1945 1 2
1946 1 1
1947 1 1
1948 1 1
1949 1 2
1950 0 2
1951 1 2
1952 1 2
1953 1 2
1954 1 2
1955 1 2
1956 1 1
1957 0 1
1958 1 2
1959 1 2
1960 1 2
1961 0 1
1962 1 2
1963 1 2
1964 1 2
1965 1 1
1966 1 2
1967 0 2
1968 0 0
1969 1 1
1970 0 1
1971 1 0
1972 1 2
1973 0 0
1974 1 2
1975 1 1
1976 1 1
1977 1 0
1978 0 0
1979 1 2
1980 1 0
1981 0 2
1982 0 2
1983 1 1
1984 1 2
1985 1 2
1986 1 2
1987 1 1
1988 0 1
1989 0 0
1990 0 2
1991 0 2
1992 0 1
1993 1 1
1994 0 1
1995 0 2
1996 1 2
1997 1 2
1998 1 1
1999 1 2
2000 1 2
2001 1 2
2002 1 2
2003 0 0
2004 1 2
2005 1 1
2006 0 2
2007 1 2
2008 1 1
2009 1 1
2010 1 1
2011 1 0
2012 0 2
2013 1 2
2014 0 0
2015 1 1
2016 1 1
2017 0 1
2018 0 1
2019 1 1
2020 0 2
2021 1 2
2022 1 0
2023 1 1
2024 1 2
2025 1 2
2026 1 1
2027 1 2
2028 1 2
2029 1 1
2030 1 1
2031 1 1
2032 1 2
2033 1 0
2034 1 2
2035 1 2
2036 1 1
2037 0 0
2038 1 1
2039 1 0
2040 1 2
2041 1 2
2042 1 1
2043 1 2
2044 0 0
2045 1 2
2046 1 2
2047 1 2
2048 1 1
2049 1 1
2050 1 2
2051 1 0
2052 1 1
2053 1 0
2054 1 2
2055 1 1
2056 1 2
2057 1 1
2058 0 1
2059 1 2
2060 0 0
2061 0 1
2062 1 2
2063 1 1
2064 0 2
2065 1 2
2066 0 2
2067 1 2
2068 1 1
2069 1 1
2070 1 1
2071 1 2
2072 1 2
2073 1 2
2074 1 1
2075 0 2
2076 1 2
2077 1 0
2078 0 1
2079 1 2
2080 1 1
2081 1 0
2082 1 2
2083 1 1
2084 1 0
2085 1 1
2086 1 2
2087 1 2
2088 0 1
2089 1 1
2090 1 1
2091 0 0
2092 1 0
2093 1 1
2094 1 2
2095 1 0
2096 1 1
2097 0 0
2098 1 1
2099 1 2
2100 1 1
2101 1 0
2102 1 2
2103 1 1
2104 1 2
2105 0 1
2106 0 2
2107 0 1
2108 1 1
2109 1 2
2110 1 2
2111 1 1
2112 0 0
2113 0 2
2114 1 1
2115 1 1
2116 1 2
2117 0 2
2118 1 0
2119 0 1
2120 1 0
2121 1 0
2122 0 0
2123 1 0
2124 1 1
2125 1 1
2126 1 2
2127 1 2
2128 0 0
2129 1 1
2130 1 0
2131 1 1
2132 1 0
2133 1 1
2134 1 0
2135 1 2
2136 1 0
2137 1 1
2138 1 1
2139 1 1
2140 1 2
2141 1 2
2142 0 2
2143 1 1
2144 0 1
2145 0 0
2146 0 2
2147 1 1
2148 1 1
2149 1 2
2150 1 1
2151 1 1
2152 1 0
2153 1 2
2154 1 1
2155 0 0
2156 0 0
2157 1 1
2158 1 1
2159 1 0
2160 1 0
2161 1 2
2162 0 2
2163 1 1
2164 0 0
2165 0 0
2166 0 1
2167 0 1
2168 1 2
2169 0 2
2170 1 2
2171 0 0
2172 0 2
2173 1 2
2174 0 1
2175 1 0
2176 1 0
2177 0 2
2178 1 1
2179 1 1
2180 1 2
2181 1 0
2182 1 1
2183 1 2
2184 1 2
2185 1 2
2186 0 1
2187 1 1
2188 0 0
2189 1 1
2190 1 0
2191 1 1
2192 0 0
2193 1 0
2194 1 2
2195 1 0
2196 1 2
2197 1 2
2198 1 2
2199 1 2
2200 1 0
2201 1 0
2202 1 1
2203 1 0
2204 0 0
2205 1 2
2206 1 2
2207 1 2
2208 1 0
2209 1 2
2210 1 1
2211 1 0
2212 0 2
2213 0 1
2214 1 1
2215 1 1
2216 1 0
2217 1 2
2218 1 0
2219 0 0
2220 1 1
2221 1 0
2222 1 2
2223 1 1
2224 1 1
2225 1 1
2226 1 2
2227 1 2
2228 1 2
2229 0 2
2230 1 2
2231 0 2
2232 1 1
2233 1 2
2234 0 2
2235 0 0
2236 1 0
2237 1 0
2238 1 1
2239 1 0
2240 0 1
2241 1 2
2242 0 1
2243 0 2
2244 0 2
2245 1 1
2246 1 2
2247 1 2
2248 1 2
2249 0 1
2250 1 0
2251 0 2
2252 1 2
2253 1 0
2254 1 2
2255 0 1
2256 1 0
2257 0 1
2258 1 1
2259 0 1
2260 1 0
2261 1 2
2262 1 0
2263 1 0
2264 0 0
2265 0 1
2266 1 0
2267 0 0
2268 1 2
2269 1 1
2270 1 1
2271 0 1
2272 1 0
2273 0 1
2274 1 1
2275 1 1
2276 0 2
2277 0 2
2278 1 1
2279 1 1
2280 1 0
2281 0 1
2282 1 2
2283 0 1
2284 1 2
2285 0 2
2286 1 2
2287 0 1
2288 0 2
2289 0 1
2290 1 1
2291 1 1
2292 1 0
2293 1 1
2294 1 2
2295 1 1
2296 1 1
2297 1 2
2298 0 1
2299 1 1
2300 1 0
2301 1 0
2302 1 1
2303 1 0
2304 1 2
2305 1 1
2306 1 2
2307 1 1
2308 1 2
2309 1 1
2310 1 1
2311 1 1
2312 1 1
2313 0 1
2314 1 0
2315 1 1
2316 1 1
2317 0 1
2318 1 2
2319 1 0
2320 1 1
2321 0 1
2322 1 1
2323 1 2
2324 1 2
2325 0 1
2326 1 1
2327 1 1
2328 0 2
2329 1 0
2330 1 1
2331 1 1
2332 1 0
2333 0 1
2334 0 1
2335 0 1
2336 1 1
2337 1 2
2338 1 1
2339 1 1
2340 0 1
2341 1 1
2342 1 1
2343 1 0
2344 1 0
2345 1 1
2346 1 2
2347 1 1
2348 0 2
2349 1 0
2350 1 1
2351 0 0
2352 1 2
2353 1 1
2354 0 1
2355 0 2
2356 0 0
2357 1 1
2358 1 1
2359 1 2
2360 0 1
2361 1 0
2362 1 2
2363 1 1
2364 1 1
2365 1 0
2366 1 1
2367 1 0
2368 0 0
2369 0 0
2370 1 1
2371 1 0
2372 0 1
2373 1 2
2374 0 0
2375 1 2
2376 1 2
2377 0 2
2378 1 0
2379 1 2
2380 1 1
2381 1 1
2382 0 2
2383 1 2
2384 0 1
2385 1 2
2386 0 2
2387 1 2
2388 0 0
2389 1 2
2390 1 1
2391 0 1
2392 1 2
2393 0 1
2394 1 1
2395 0 2
2396 1 2
2397 1 1
2398 1 2
2399 1 2
2400 1 2
2401 1 2
2402 0 1
2403 1 0
2404 0 2
2405 1 2
2406 1 1
2407 1 0
2408 0 2
2409 0 1
2410 1 1
2411 0 2
2412 0 1
2413 1 1
2414 1 1
2415 0 0
2416 1 1
2417 1 2
2418 1 1
2419 1 2
2420 1 1
2421 0 1
2422 1 1
2423 1 1
2424 0 0
2425 1 0
2426 0 2
2427 1 2
2428 1 1
2429 1 1
2430 1 2
2431 1 2
2432 1 1
2433 1 1
2434 1 2
2435 1 1
2436 1 1
2437 1 2
2438 1 1
2439 0 2
2440 1 2
2441 1 0
2442 1 0
2443 1 0
2444 1 0
2445 0 1
2446 1 2
2447 0 1
2448 1 1
2449 0 2
2450 1 2
2451 1 2
2452 0 0
2453 1 1
2454 1 2
2455 1 1
2456 0 0
2457 1 2
2458 1 1
2459 1 1
2460 1 1
2461 1 2
2462 0 2
2463 1 1
2464 1 2
2465 0 0
2466 1 2
2467 1 0
2468 1 2
2469 1 2
2470 0 1
2471 1 1
2472 1 0
2473 1 2
2474 1 2
2475 1 1
2476 1 2
2477 1 1
2478 1 2
2479 1 1
2480 0 1
2481 0 0
2482 1 2
2483 1 1
2484 1 2
2485 0 2
2486 1 2
2487 0 0
2488 0 0
2489 1 2
2490 1 2
2491 1 1
2492 1 2
2493 1 1
2494 0 1
2495 1 1
2496 0 1
2497 1 1
2498 0 1
2499 0 2
2500 1 2
2501 1 2
2502 1 2
2503 1 1
2504 1 2
2505 1 0
2506 1 1
2507 1 2
2508 1 1
2509 1 0
2510 1 2
2511 1 2
2512 1 2
2513 1 2
2514 0 1
2515 1 0
2516 1 0
2517 1 0
2518 0 2
2519 1 0
2520 1 2
2521 1 2
2522 1 1
2523 1 0
2524 1 1
2525 1 1
2526 1 2
2527 1 2
2528 1 2
2529 1 2
2530 1 1
2531 1 1
2532 1 2
2533 1 0
2534 1 1
2535 0 1
2536 1 1
2537 1 2
2538 1 1
2539 0 0
2540 0 0
2541 1 2
2542 0 1
2543 1 1
2544 1 1
2545 1 1
2546 1 0
2547 1 1
2548 1 1
2549 1 2
2550 0 2
2551 0 2
2552 1 1
2553 1 0
2554 1 0
2555 1 2
2556 1 2
2557 0 1
2558 0 1
2559 1 0
2560 0 1
2561 1 0
2562 1 2
2563 0 2
2564 1 1
2565 1 1
2566 1 1
2567 1 1
2568 1 1
2569 1 2
2570 1 0
2571 1 1
2572 1 1
2573 1 2
2574 0 1
2575 0 1
2576 1 1
2577 1 1
2578 1 1
2579 1 2
2580 1 2
2581 1 0
2582 1 1
2583 0 2
2584 1 2
2585 1 1
2586 1 2
2587 0 2
2588 1 1
2589 1 0
2590 1 1
2591 1 0
2592 1 2
2593 0 2
2594 1 0
2595 1 1
2596 0 0
2597 1 0
2598 1 0
2599 1 1
2600 1 1
2601 1 2
2602 1 1
2603 0 2
2604 1 1
2605 1 1
2606 0 2
2607 1 0
2608 1 0
2609 0 1
2610 1 0
2611 1 1
2612 1 0
2613 1 0
2614 0 0
2615 1 2
2616 1 0
2617 1 1
2618 1 0
2619 1 2
2620 1 0
2621 1 0
2622 0 0
2623 0 1
2624 1 1
2625 1 1
2626 1 0
2627 1 2
2628 0 1
2629 0 0
2630 1 2
2631 1 2
2632 0 2
2633 0 1
2634 0 2
2635 1 1
2636 1 2
2637 1 0
2638 1 2
2639 0 1
2640 1 0
2641 1 1
2642 1 1
2643 1 2
2644 1 2
2645 0 2
2646 1 1
2647 0 2
2648 1 2
2649 1 1
2650 1 0
2651 1 0
2652 1 0
2653 0 1
2654 1 2
2655 0 1
2656 1 1
2657 1 1
2658 1 1
2659 1 1
2660 1 1
2661 0 0
2662 1 0
2663 1 2
2664 0 2
2665 1 1
2666 1 2
2667 0 2
2668 1 2
2669 1 0
2670 0 0
2671 0 2
2672 1 0
2673 1 2
2674 1 2
2675 1 1
2676 0 2
2677 0 0
2678 1 2
2679 0 2
2680 0 1
2681 0 2
2682 1 1
2683 1 2
2684 1 1
2685 1 2
2686 0 2
2687 1 1
2688 0 2
2689 1 0
2690 1 2
2691 0 2
2692 0 1
2693 1 0
2694 1 1
2695 1 1
2696 1 1
2697 1 1
2698 1 1
2699 1 2
2700 1 2
2701 1 2
2702 1 1
2703 1 0
2704 1 0
2705 1 1
2706 1 0
2707 1 1
2708 0 2
2709 1 0
2710 1 2
2711 1 1
2712 1 1
2713 1 0
2714 1 2
2715 1 1
2716 1 1
2717 1 2
2718 1 2
2719 1 0
2720 0 1
2721 1 1
2722 1 1
2723 1 1
2724 1 0
2725 1 1
2726 0 1
2727 0 2
2728 0 1
2729 1 0
2730 1 2
2731 1 2
2732 1 2
2733 0 2
2734 0 2
2735 1 1
2736 1 1
2737 1 2
2738 1 1
2739 1 2
2740 1 1
2741 1 1
2742 1 2
2743 0 2
2744 0 1
2745 1 1
2746 1 1
2747 1 1
2748 0 2
2749 1 1
2750 1 1
2751 1 1
2752 1 1
2753 0 2
2754 1 0
2755 1 1
2756 1 0
2757 1 1
2758 1 2
2759 1 1
2760 1 1
2761 1 2
2762 1 1
2763 1 1
2764 0 2
2765 1 1
2766 1 2
2767 1 2
2768 1 0
2769 0 2
2770 1 2
2771 1 1
2772 0 0
2773 1 1
2774 1 2
2775 1 1
2776 0 1
2777 1 0
2778 1 0
2779 1 2
2780 1 2
2781 1 2
2782 1 1
2783 1 1
2784 1 2
2785 1 1
2786 1 2
2787 1 0
2788 1 0
2789 1 1
2790 1 1
2791 1 0
2792 1 0
2793 1 1
2794 1 2
2795 1 1
2796 1 0
2797 1 1
2798 1 1
2799 0 2
2800 0 1
2801 1 1
2802 1 2
2803 0 1
2804 0 0
2805 0 2
2806 0 0
2807 1 1
2808 1 2
2809 0 2
2810 1 0
2811 1 1
2812 0 2
2813 1 2
2814 1 2
2815 1 1
2816 1 2
2817 1 1
2818 0 0
2819 1 1
2820 1 1
2821 0 2
2822 1 1
2823 1 2
2824 1 1
2825 1 2
2826 1 0
2827 1 1
2828 0 2
2829 0 2
2830 0 1
2831 0 1
2832 0 1
2833 0 1
2834 0 1
2835 1 2
2836 1 1
2837 1 0
2838 0 0
2839 1 2
2840 1 0
2841 1 0
2842 1 0
2843 1 1
2844 0 2
2845 1 0
2846 0 2
2847 1 1
2848 1 2
2849 1 1
2850 1 2
2851 1 2
2852 1 1
2853 0 1
2854 1 2
2855 1 1
2856 1 1
2857 1 1
2858 1 2
2859 1 2
2860 1 1
2861 1 0
2862 1 2
2863 1 1
2864 0 1
2865 1 0
2866 0 0
2867 0 1
2868 1 1
2869 1 0
2870 1 1
2871 0 2
2872 1 1
2873 1 2
2874 0 1
2875 1 2
2876 0 2
2877 1 0
2878 1 1
2879 1 2
2880 1 1
2881 1 1
2882 1 2
2883 1 0
2884 1 1
2885 1 1
2886 1 1
2887 1 1
2888 0 2
2889 1 0
2890 0 2
2891 1 1
2892 1 2
2893 1 2
2894 1 2
2895 1 2
2896 1 0
2897 1 0
2898 0 2
2899 1 1
2900 1 1
2901 1 1
2902 1 2
2903 1 1
2904 1 1
2905 1 0
2906 1 2
2907 1 0
2908 1 1
2909 1 2
2910 1 0
2911 1 2
2912 1 2
2913 1 0
2914 0 2
2915 1 1
2916 1 2
2917 0 2
2918 1 2
2919 1 2
2920 1 1
2921 0 1
2922 1 0
2923 1 1
2924 1 1
2925 1 1
2926 1 2
2927 1 1
2928 1 0
2929 1 1
2930 1 0
2931 1 1
2932 1 0
2933 1 2
2934 1 1
2935 0 2
2936 1 2
2937 1 2
2938 1 1
2939 1 0
2940 1 2
2941 1 2
2942 1 1
2943 1 1
2944 0 1
2945 1 1
2946 1 2
2947 1 1
2948 1 1
2949 1 1
2950 1 2
2951 1 2
2952 1 1
2953 1 2
2954 1 2
2955 1 0
2956 0 2
2957 0 2
2958 0 2
2959 0 1
2960 1 1
2961 0 2
2962 1 2
2963 1 1
2964 0 0
2965 0 2
2966 1 1
2967 1 2
2968 1 2
2969 1 2
2970 1 1
2971 0 2
2972 1 2
2973 1 2
2974 1 0
2975 1 1
2976 0 0
2977 1 1
2978 0 1
2979 0 0
2980 1 1
2981 1 2
2982 0 1
2983 0 1
2984 1 2
2985 0 2
2986 0 2
2987 1 2
2988 1 1
2989 1 1
2990 1 2
2991 1 1
2992 0 0
2993 0 1
2994 1 2
2995 1 1
2996 1 1
2997 1 1
2998 1 2
2999 1 2
3000 1 0
3001 1 2
3002 1 2
3003 1 2
3004 1 2
3005 0 1
3006 1 2
3007 1 2
3008 1 2
3009 1 2
3010 1 2
3011 1 0
3012 1 1
3013 1 1
3014 0 2
3015 1 2
3016 0 2
3017 1 1
3018 1 2
3019 1 2
3020 0 2
3021 1 1
3022 0 2
3023 1 1
3024 0 1
3025 1 1
3026 0 2
3027 1 2
3028 1 1
3029 1 1
3030 1 1
3031 1 1
3032 1 0
3033 1 1
3034 1 2
3035 1 1
3036 1 1
3037 1 0
3038 1 2
3039 0 1
3040 0 2
3041 1 2
3042 0 2
3043 1 2
3044 1 2
3045 1 0
3046 1 1
3047 1 1
3048 1 2
3049 1 2
3050 1 1
3051 1 1
3052 1 1
3053 0 2
3054 1 2
3055 1 1
3056 1 2
3057 1 1
3058 1 1
3059 1 2
3060 1 1
3061 0 2
3062 1 1
3063 1 2
3064 1 2
3065 1 0
3066 1 1
3067 1 2
3068 1 2
3069 0 1
3070 1 1
3071 1 1
3072 1 2
3073 1 1
3074 0 1
3075 1 1
3076 1 1
3077 1 1
3078 1 1
3079 1 2
3080 1 2
3081 1 0
3082 1 0
3083 1 0
3084 1 2
3085 0 1
3086 1 1
3087 1 2
3088 1 2
3089 1 1
3090 1 2
3091 1 0
3092 1 1
3093 1 2
3094 1 2
3095 1 0
3096 0 1
3097 1 1
3098 1 2
3099 1 1
3100 1 2
3101 1 2
3102 1 2
3103 1 2
3104 1 1
3105 1 2
3106 0 2
3107 1 2
3108 1 1
3109 1 1
3110 1 2
3111 1 1
3112 1 2
3113 1 0
3114 0 2
3115 0 2
3116 1 2
3117 1 1
3118 1 1
3119 1 2
3120 1 2
3121 1 2
3122 1 2
3123 1 2
3124 1 2
3125 0 1
3126 1 1
3127 0 2
3128 1 2
3129 1 2
3130 1 2
3131 1 2
3132 0 0
3133 1 2
3134 1 2
3135 0 2
3136 1 2
3137 0 1
3138 1 1
3139 1 1
3140 1 1
3141 0 2
3142 1 2
3143 1 2
3144 1 0
3145 0 2
3146 1 2
3147 0 1
3148 1 1
3149 1 2
3150 0 1
3151 0 2
3152 1 2
3153 0 2
3154 1 1
3155 1 2
3156 1 2
3157 1 2
3158 0 1
3159 1 1
3160 1 0
3161 1 2
3162 1 2
3163 1 2
3164 1 2
3165 0 2
3166 0 2
3167 0 2
3168 0 1
3169 1 1
3170 1 2
3171 0 2
3172 1 2
3173 0 2
3174 1 2
3175 0 1
3176 1 1
3177 1 2
3178 1 2
3179 1 2
3180 1 2
3181 1 2
3182 1 2
3183 1 2
3184 0 2
3185 1 1
3186 1 1
3187 0 0
3188 0 2
3189 1 2
3190 0 2
3191 1 2
3192 1 2
3193 1 2
3194 1 1
3195 1 1
3196 0 2
3197 1 1
3198 1 1
3199 1 2
3200 1 2
3201 0 2
3202 1 2
3203 1 2
3204 1 2
3205 0 2
3206 0 2
3207 1 2
3208 1 1
3209 1 2
3210 1 2
3211 1 2
3212 0 1
3213 1 2
3214 1 2
3215 1 2
3216 1 1
3217 1 2
3218 1 1
3219 1 2
3220 1 1
3221 0 2
3222 1 0
3223 1 2
3224 0 0
3225 0 1
3226 1 2
3227 1 2
3228 1 1
3229 0 2
3230 1 2
3231 1 1
3232 1 1
3233 1 1
3234 1 2
3235 1 1
3236 0 1
3237 1 0
3238 0 2
3239 1 1
3240 1 2
3241 1 1
3242 1 2
3243 0 2
3244 1 0
3245 1 1
3246 0 2
3247 1 2
3248 1 2
3249 0 1
3250 1 2
3251 1 1
3252 1 2
3253 0 1
3254 1 0
3255 1 1
3256 0 1
3257 1 1
3258 1 1
3259 1 1
3260 0 1
3261 1 0
3262 0 0
3263 1 0
3264 1 1
3265 1 0
3266 1 1
3267 1 2
3268 1 2
3269 1 2
3270 0 2
3271 1 0
3272 0 1
3273 1 2
3274 1 1
3275 1 2
3276 1 1
3277 1 2
3278 1 0
3279 1 2
3280 1 1
3281 0 0
3282 1 2
3283 1 0
3284 0 1
3285 0 1
3286 1 1
3287 1 0
3288 1 1
3289 0 1
3290 1 1
3291 1 1
3292 1 1
3293 1 1
3294 0 0
3295 1 2
3296 1 1
3297 1 1
3298 1 2
3299 1 0
3300 1 0
3301 1 1
3302 1 1
3303 1 1
3304 1 1
3305 1 0
3306 0 2
3307 1 1
3308 1 0
3309 1 0
3310 1 1
3311 1 0
3312 1 0
3313 1 1
3314 0 2
3315 1 1
3316 1 1
3317 1 0
3318 1 1
3319 1 2
3320 1 2
3321 1 1
3322 1 1
3323 0 1
3324 1 1
3325 1 1
3326 0 2
3327 1 1
3328 0 2
3329 1 2
3330 1 2
3331 1 2
3332 1 2
3333 1 2
3334 0 1
3335 1 1
3336 1 0
3337 1 2
3338 1 1
3339 1 1
3340 1 1
3341 1 1
3342 0 1
3343 1 2
3344 1 1
3345 1 2
3346 0 2
3347 1 2
3348 0 1
3349 1 1
3350 1 1
3351 1 1
3352 0 1
3353 1 0
3354 1 2
3355 0 2
3356 0 2
3357 1 2
3358 1 1
3359 0 2
3360 1 2
3361 1 2
3362 1 1
3363 1 2
3364 1 1
3365 1 1
3366 0 2
3367 0 1
3368 0 1
3369 1 1
3370 1 1
3371 1 2
3372 1 0
3373 1 2
3374 1 0
3375 1 2
3376 1 2
3377 1 2
3378 1 2
3379 1 1
3380 1 1
3381 1 2
3382 1 2
3383 1 2
3384 1 0
3385 1 1
3386 1 1
3387 1 2
3388 1 2
3389 1 1
3390 1 0
3391 1 0
3392 0 0
3393 1 1
3394 1 1
3395 1 2
3396 1 2
3397 1 0
3398 1 1
3399 1 1
3400 1 1
3401 1 2
3402 0 2
3403 1 0
3404 1 1
3405 1 1
3406 1 0
3407 1 0
3408 1 2
3409 0 1
3410 1 1
3411 1 1
3412 1 1
3413 1 0
3414 1 1
3415 0 2
3416 0 0
3417 1 2
3418 1 1
3419 1 1
3420 1 1
3421 0 1
3422 1 2
3423 1 2
3424 1 0
3425 0 1
3426 1 1
3427 1 2
3428 1 2
3429 1 2
3430 1 1
3431 0 0
3432 0 2
3433 1 1
3434 0 1
3435 1 2
3436 0 1
3437 1 1
3438 0 0
3439 1 1
3440 1 0
3441 0 2
3442 1 1
3443 0 0
3444 0 2
3445 1 1
3446 1 2
3447 1 2
3448 1 1
3449 1 1
3450 1 1
3451 0 1
3452 0 1
3453 0 1
3454 0 0
3455 0 0
3456 1 1
3457 1 1
3458 0 1
3459 1 1
3460 0 1
3461 0 0
3462 1 1
3463 1 1
3464 1 1
3465 1 1
3466 1 1
3467 1 2
3468 1 0
3469 1 1
3470 1 2
3471 1 0
3472 0 2
3473 1 1
3474 1 1
3475 1 1
3476 1 2
3477 0 2
3478 1 2
3479 1 0
3480 1 1
3481 0 1
3482 1 2
3483 1 2
3484 0 1
3485 1 1
3486 1 1
3487 0 1
3488 1 2
3489 0 0
3490 1 1
3491 1 2
3492 1 2
3493 1 2
3494 1 1
3495 1 2
3496 0 2
3497 0 0
3498 1 2
3499 1 2
3500 1 2
3501 1 2
3502 0 2
3503 1 1
3504 1 1
3505 0 1
3506 1 2
3507 1 0
3508 1 2
3509 1 1
3510 1 0
3511 0 2
3512 1 0
3513 1 2
3514 1 0
3515 0 0
3516 0 0
3517 1 2
3518 1 1
3519 1 0
3520 0 0
3521 1 1
3522 1 1
3523 1 2
3524 1 1
3525 1 2
3526 1 1
3527 1 2
3528 1 1
3529 0 1
3530 1 2
3531 1 2
3532 1 2
3533 1 2
3534 1 2
3535 0 2
3536 0 2
3537 1 1
3538 1 2
3539 1 1
3540 1 1
3541 1 0
3542 1 2
3543 1 2
3544 1 0
3545 1 2
3546 1 2
3547 1 1
3548 0 1
3549 1 1
3550 1 2
3551 0 0
3552 1 2
3553 1 0
3554 1 2
3555 0 1
3556 1 2
3557 0 0
3558 1 2
3559 0 2
3560 1 2
3561 1 0
3562 0 1
3563 1 2
3564 0 2
3565 1 2
3566 0 2
3567 1 1
3568 1 1
3569 0 1
3570 1 2
3571 1 2
3572 1 2
3573 1 2
3574 1 1
3575 0 2
3576 1 2
3577 1 1
3578 0 2
3579 0 1
3580 1 2
3581 1 2
3582 1 2
3583 0 1
3584 1 0
3585 0 1
3586 0 2
3587 1 2
3588 1 2
3589 0 2
3590 1 1
3591 0 0
3592 1 0
3593 1 1
3594 1 2
3595 0 1
3596 0 2
3597 1 1
3598 1 2
3599 0 2
3600 1 0
3601 1 0
3602 0 2
3603 1 0
3604 0 2
3605 0 2
3606 1 1
3607 0 1
3608 1 2
3609 1 2
3610 1 0
3611 1 0
3612 1 1
3613 1 1
3614 1 2
3615 1 2
3616 0 0
3617 1 1
3618 0 1
3619 1 1
3620 1 2
3621 0 2
3622 1 1
3623 0 2
3624 1 1
3625 0 2
3626 1 1
3627 0 2
3628 1 2
3629 0 1
3630 1 1
3631 0 2
3632 0 0
3633 0 2
3634 1 2
3635 0 2
3636 1 1
3637 1 1
3638 1 1
3639 1 1
3640 1 1
3641 1 1
3642 0 2
3643 1 2
3644 1 1
3645 1 2
3646 0 2
3647 0 2
3648 1 2
3649 1 1
3650 1 1
3651 1 2
3652 1 2
3653 0 2
3654 1 0
3655 0 2
3656 1 0
3657 0 1
3658 1 1
3659 1 1
3660 1 2
3661 0 1
3662 1 2
3663 1 1
3664 1 1
3665 1 1
3666 1 2
3667 1 2
3668 1 2
3669 0 2
3670 1 2
3671 0 2
3672 1 2
3673 0 2
3674 0 1
3675 0 1
3676 0 1
3677 1 1
3678 1 0
3679 1 2
3680 0 0
3681 1 0
3682 1 2
3683 0 1
3684 1 0
3685 1 2
3686 1 2
3687 0 1
3688 1 2
3689 1 2
3690 1 2
3691 1 1
3692 1 1
3693 0 1
3694 1 2
3695 1 1
3696 0 2
3697 1 2
3698 1 2
3699 0 2
3700 1 2
3701 1 2
3702 1 1
3703 0 2
3704 0 1
3705 1 2
3706 1 2
3707 1 2
3708 1 1
3709 1 0
3710 1 1
3711 1 2
3712 1 1
3713 1 1
3714 1 2
3715 1 2
3716 1 2
3717 1 0
3718 1 2
3719 0 2
3720 1 2
3721 1 1
3722 1 1
3723 1 2
3724 1 2
3725 1 1
3726 1 2
3727 1 1
3728 0 2
3729 1 2
3730 1 2
3731 1 0
3732 0 2
3733 1 1
3734 0 1
3735 1 2
3736 1 2
3737 1 2
3738 1 2
3739 0 0
3740 0 2
3741 1 1
3742 0 1
3743 1 1
3744 1 2
3745 1 2
3746 1 1
3747 0 2
3748 1 0
3749 1 0
3750 1 2
3751 1 2
3752 0 2
3753 0 2
3754 1 1
3755 0 2
3756 1 2
3757 1 2
3758 0 2
3759 1 1
3760 1 1
3761 1 1
3762 0 1
3763 1 0
3764 0 2
3765 0 1
3766 0 1
3767 1 2
3768 1 1
3769 0 2
3770 1 2
3771 0 2
3772 0 0
3773 0 2
3774 1 1
3775 1 2
3776 0 2
3777 1 1
3778 0 0
3779 1 1
3780 1 2
3781 1 2
3782 1 2
3783 1 2
3784 1 2
3785 1 2
3786 0 0
3787 1 0
3788 1 1
3789 0 1
3790 1 2
3791 1 1
3792 0 1
3793 1 2
3794 1 2
3795 1 1
3796 1 1
3797 1 2
3798 1 1
3799 0 2
3800 0 0
3801 1 2
3802 1 1
3803 1 0
3804 1 2
3805 1 1
3806 0 1
3807 0 2
3808 1 1
3809 1 2
3810 1 2
3811 1 0
3812 0 2
3813 1 1
3814 1 2
3815 1 2
3816 1 0
3817 1 2
3818 1 1
3819 1 1
3820 0 2
3821 1 2
3822 1 2
3823 0 2
3824 0 2
3825 0 1
3826 0 2
3827 1 2
3828 1 2
3829 1 1
3830 1 2
3831 1 2
3832 1 1
3833 1 2
3834 1 2
3835 1 1
3836 1 2
3837 1 2
3838 1 2
3839 0 1
3840 1 2
3841 1 0
3842 1 1
3843 1 2
3844 1 1
3845 1 0
3846 1 1
3847 1 2
3848 1 1
3849 1 0
3850 1 1
3851 1 0
3852 1 0
3853 1 1
3854 1 1
3855 1 0
3856 0 1
3857 1 1
3858 1 0
3859 1 2
3860 0 0
3861 0 0
3862 1 1
3863 1 1
3864 1 2
3865 0 2
3866 1 2
3867 1 2
3868 1 0
3869 0 2
3870 1 0
3871 1 2
3872 0 2
3873 1 2
3874 1 2
3875 1 1
3876 1 2
3877 1 1
3878 0 2
3879 0 0
3880 1 0
3881 0 2
3882 1 2
3883 1 0
3884 0 2
3885 0 2
3886 1 2
3887 1 1
3888 1 2
3889 1 2
3890 0 2
3891 0 0
3892 0 1
3893 0 2
3894 1 2
3895 1 2
3896 1 1
3897 1 1
3898 1 2
3899 0 2
3900 1 1
3901 1 0
3902 1 1
3903 1 0
3904 1 1
3905 1 1
3906 1 2
3907 1 0
3908 1 2
3909 1 0
3910 1 1
3911 1 1
3912 1 1
3913 1 1
3914 0 1
3915 1 1
3916 1 1
3917 1 1
3918 1 2
3919 0 1
3920 0 1
3921 1 1
3922 0 0
3923 0 2
3924 0 2
3925 1 2
3926 0 1
3927 1 1
3928 0 2
3929 1 0
3930 1 1
3931 0 1
3932 1 2
3933 1 2
3934 0 1
3935 1 2
3936 1 0
3937 1 2
3938 1 2
3939 0 1
3940 1 0
3941 1 1
3942 0 1
3943 1 1
3944 1 2
3945 1 1
3946 0 1
3947 1 1
3948 0 1
3949 0 1
3950 1 1
3951 0 0
3952 1 0
3953 1 1
3954 1 0
3955 1 2
3956 1 1
3957 1 2
3958 1 2
3959 1 2
3960 1 1
3961 1 1
3962 1 2
3963 1 1
3964 1 1
3965 1 1
3966 0 0
3967 0 1
3968 1 2
3969 0 2
3970 1 2
3971 1 1
3972 1 2
3973 0 1
3974 1 0
3975 1 0
3976 1 1
3977 1 2
3978 1 1
3979 1 1
3980 0 2
3981 1 1
3982 1 1
3983 0 1
3984 0 1
3985 0 1
3986 1 2
3987 1 0
3988 0 1
3989 1 1
3990 0 2
3991 1 1
3992 1 0
3993 0 2
3994 0 1
3995 0 2
3996 0 2
3997 0 1
3998 0 1
3999 1 1
4000 1 0
4001 0 2
4002 1 0
4003 0 2
4004 1 1
4005 0 2
4006 1 2
4007 0 0
4008 1 0
4009 0 2
4010 1 2
4011 1 2
4012 0 1
4013 1 0
4014 1 0
4015 1 0
4016 0 1
4017 1 1
4018 1 1
4019 1 1
4020 1 2
4021 1 1
4022 0 0
4023 1 2
4024 1 0
4025 0 1
4026 1 1
4027 0 1
4028 1 2
4029 1 2
4030 1 0
4031 1 2
4032 1 1
4033 1 0
4034 1 1
4035 0 0
4036 0 1
4037 1 1
4038 0 2
4039 0 2
4040 1 1
4041 0 2
4042 1 1
4043 1 2
4044 0 1
4045 0 1
4046 1 0
4047 0 1
4048 0 0
4049 1 2
4050 1 2
4051 0 2
4052 0 2
4053 1 1
4054 1 2
4055 0 1
4056 0 1
4057 0 2
4058 1 2
4059 1 2
4060 0 2
4061 0 1
4062 1 2
4063 1 1
4064 1 1
4065 1 2
4066 1 2
4067 1 1
4068 1 1
4069 0 0
4070 1 1
4071 0 2
4072 1 2
4073 1 2
4074 1 0
4075 1 0
4076 0 1
4077 1 2
4078 1 0
4079 1 2
4080 0 0
4081 1 2
4082 1 0
4083 0 0
4084 1 0
4085 1 2
4086 1 2
4087 1 2
4088 1 1
4089 1 1
4090 1 2
4091 1 2
4092 1 2
4093 1 1
4094 1 1
4095 1 1
4096 1 2
4097 1 2
4098 0 1
4099 1 2
4100 1 0
4101 0 1
4102 1 2
4103 1 1
4104 1 1
4105 1 1
4106 1 1
4107 1 0
4108 1 2
4109 1 0
4110 1 0
4111 1 2
4112 0 2
4113 1 1
4114 1 1
4115 0 2
4116 0 1
4117 0 2
4118 1 1
4119 1 1
4120 1 2
4121 0 1
4122 1 2
4123 1 1
4124 1 1
4125 1 0
4126 1 2
4127 0 1
4128 1 2
4129 1 0
4130 0 2
4131 1 2
4132 1 2
4133 1 2
4134 1 2
4135 0 1
4136 1 1
4137 1 2
4138 0 2
4139 1 1
4140 1 2
4141 1 0
4142 0 0
4143 1 2
4144 1 1
4145 1 2
4146 1 1
4147 1 1
4148 0 2
4149 1 2
4150 0 1
4151 1 2
4152 1 2
4153 1 1
4154 1 1
4155 0 2
4156 0 0
4157 0 0
4158 1 2
4159 0 2
4160 1 2
4161 1 2
4162 1 1
4163 1 2
4164 1 2
4165 1 2
4166 0 2
4167 0 1
4168 0 2
4169 1 2
4170 1 0
4171 1 2
4172 1 2
4173 1 0
4174 0 0
4175 1 1
4176 0 1
4177 0 1
4178 0 2
4179 1 1
4180 1 2
4181 1 1
4182 0 0
4183 1 2
4184 1 2
4185 1 2
4186 0 2
4187 1 1
4188 1 1
4189 0 1
4190 1 1
4191 1 2
4192 0 2
4193 1 1
4194 1 2
4195 0 0
4196 1 0
4197 1 2
4198 0 2
4199 1 2
4200 1 2
4201 1 2
4202 1 2
4203 0 0
4204 1 0
4205 0 2
4206 1 1
4207 1 2
4208 1 2
4209 1 1
4210 0 0
4211 0 0
4212 1 2
4213 1 1
4214 1 2
4215 1 1
4216 1 1
4217 1 1
4218 1 2
4219 1 1
4220 1 1
4221 1 2
4222 1 2
4223 0 0
4224 1 1
4225 1 1
4226 1 0
4227 0 1
4228 0 2
4229 0 0
4230 1 1
4231 1 0
4232 1 0
4233 1 1
4234 0 0
4235 0 2
4236 0 1
4237 1 0
4238 1 2
4239 1 1
4240 0 1
4241 1 2
4242 1 2
4243 1 1
4244 0 1
4245 0 2
4246 1 0
4247 1 0
4248 1 2
4249 0 1
4250 1 2
4251 1 0
4252 1 1
4253 0 2
4254 1 2
4255 1 1
4256 1 1
4257 1 2
4258 1 2
4259 1 2
4260 1 0
4261 0 0
4262 1 0
4263 1 1
4264 1 2
4265 0 0
4266 1 1
4267 1 2
4268 0 1
4269 1 2
4270 1 2
4271 1 1
4272 1 0
4273 1 2
4274 0 0
4275 0 0
4276 1 0
4277 1 1
4278 1 2
4279 1 0
4280 1 1
4281 1 1
4282 1 2
4283 0 2
4284 1 2
4285 1 0
4286 1 1
4287 0 2
4288 1 1
4289 1 1
4290 1 0
4291 1 1
4292 1 1
4293 0 2
4294 1 0
4295 1 0
4296 0 1
4297 0 1
4298 1 1
4299 0 1
4300 1 1
4301 1 2
4302 1 1
4303 1 1
4304 1 1
4305 1 2
4306 0 1
4307 0 2
4308 0 1
4309 0 0
4310 1 0
4311 1 1
4312 1 1
4313 1 1
4314 1 0
4315 0 2
4316 1 0
4317 0 0
4318 0 2
4319 0 2
4320 0 1
4321 1 0
4322 1 1
4323 0 2
4324 0 1
4325 0 2
4326 1 1
4327 1 2
4328 1 1
4329 1 2
4330 1 1
4331 1 1
4332 1 0
4333 1 1
4334 1 0
4335 1 2
4336 1 1
4337 1 0
4338 0 2
4339 0 1
4340 1 1
4341 1 1
4342 1 1
4343 1 1
4344 0 2
4345 1 0
4346 1 1
4347 1 2
4348 1 1
4349 1 1
4350 1 2
4351 1 1
4352 0 1
4353 0 2
4354 1 2
4355 0 1
4356 1 1
4357 1 0
4358 0 1
4359 1 1
4360 1 1
4361 1 1
4362 0 2
4363 1 1
4364 1 0
4365 0 1
4366 1 0
4367 1 1
4368 0 1
4369 0 0
4370 1 1
4371 0 1
4372 0 2
4373 1 1
4374 1 1
4375 0 2
4376 0 2
4377 1 1
4378 1 2
4379 0 1
4380 1 2
4381 0 0
4382 1 2
4383 1 2
4384 0 1
4385 0 0
4386 0 1
4387 1 2
4388 1 2
4389 1 2
4390 0 1
4391 0 2
4392 1 1
4393 0 1
4394 0 2
4395 0 1
4396 0 2
4397 1 1
4398 1 2
4399 0 1
4400 0 1
4401 1 1
4402 1 1
4403 1 1
4404 0 1
4405 1 2
4406 1 1
4407 1 2
4408 1 0
4409 1 1
4410 1 1
4411 0 2
4412 1 1
4413 1 2
4414 1 2
4415 1 0
4416 1 2
4417 1 1
4418 1 2
4419 1 1
4420 1 1
4421 1 1
4422 1 1
4423 1 2
4424 1 1
4425 0 2
4426 0 0
4427 1 1
4428 1 1
4429 0 2
4430 0 1
4431 1 1
4432 0 0
4433 1 0
4434 1 2
4435 0 2
4436 0 1
4437 1 1
4438 1 2
4439 1 1
4440 1 2
4441 0 1
4442 0 2
4443 1 2
4444 1 2
4445 0 2
4446 0 2
4447 0 0
4448 1 0
4449 1 1
4450 1 1
4451 0 2
4452 1 2
4453 1 2
4454 0 2
4455 0 2
4456 0 2
4457 1 2
4458 1 0
4459 1 1
4460 1 0
4461 0 2
4462 1 2
4463 0 1
4464 0 0
4465 1 0
4466 1 2
4467 0 0
4468 0 2
4469 0 2
4470 1 1
4471 1 0
4472 1 1
4473 0 2
4474 1 2
4475 1 2
4476 1 2
4477 0 1
4478 0 1
4479 1 1
4480 0 1
4481 1 2
4482 1 2
4483 1 1
4484 1 2
4485 1 2
4486 1 2
4487 1 1
4488 0 0
4489 0 2
4490 1 1
4491 1 1
4492 0 1
4493 0 2
4494 0 0
4495 1 2
4496 0 2
4497 0 1
4498 0 1
4499 1 0
4500 1 2
4501 0 1
4502 1 2
4503 0 2
4504 0 1
4505 0 1
4506 1 2
4507 0 1
4508 1 2
4509 1 2
4510 0 1
4511 1 2
4512 0 1
4513 1 2
4514 1 2
4515 1 1
4516 1 1
4517 1 1
4518 1 1
4519 1 1
4520 0 1
4521 1 2
4522 1 0
4523 1 0
4524 1 1
4525 0 0
4526 1 2
4527 0 1
4528 0 1
4529 0 2
4530 0 2
4531 1 1
